0.84 0.49 0.48 0.5 0.55 0.78 0.74
0.65 0.51 0.48 0.5 0.66 0.54 0.33
0.5 0.51 0.48 0.5 0.27 0.23 0.34

0.36 0.47 0.48 0.5 0.51 0.69 0.72
0.52 0.81 0.48 0.5 0.72 0.38 0.38
0.41 0.48 0.48 0.5 0.51 0.44 0.51

0.65 0.47 0.48 0.5 0.59 0.3 0.4
0.68 0.82 0.48 0.5 0.38 0.65 0.56
0.66 0.86 0.48 0.5 0.34 0.41 0.36

0.87 0.49 0.48 0.5 0.61 0.76 0.79
0.35 0.48 0.48 0.5 0.56 0.4 0.48
0.23 0.58 0.48 0.5 0.37 0.53 0.59

0.74 0.47 0.48 0.5 0.5 0.57 0.42
0.71 0.71 0.48 0.5 0.4 0.54 0.39
0.3 0.51 0.48 0.5 0.42 0.61 0.34

0.18 0.3 0.48 0.5 0.46 0.24 0.35
0.64 0.45 0.48 0.5 0.67 0.61 0.66
0.74 0.82 0.48 0.5 0.49 0.49 0.41

0.44 0.27 0.48 0.5 0.55 0.52 0.58
0.4 0.29 0.48 0.5 0.42 0.35 0.44
0.56 0.51 0.48 0.5 0.34 0.37 0.46

