1.51727 14.7 0.0 2.34 73.28 0.0 8.95 0.66 0.0
1.51602 14.85 0.0 2.38 73.28 0.0 8.76 0.64 0.09
1.51851 13.2 3.63 1.07 72.83 0.57 8.41 0.09 0.17

1.51625 13.36 3.58 1.49 72.72 0.45 8.21 0.0 0.0
1.51643 12.16 3.52 1.35 72.89 0.57 8.53 0.0 0.0
1.52739 11.02 0.0 0.75 73.08 0.0 14.96 0.0 0.0

1.51841 13.02 3.62 1.06 72.34 0.64 9.13 0.0 0.15
1.51711 12.89 3.62 1.57 72.96 0.61 8.11 0.0 0.0
1.51832 13.33 3.34 1.54 72.14 0.56 8.99 0.0 0.0

1.51751 12.81 3.57 1.35 73.02 0.62 8.59 0.0 0.0
1.51905 14.0 2.39 1.56 72.37 0.0 9.57 0.0 0.0
1.51937 13.79 2.41 1.19 72.76 0.0 9.77 0.0 0.0

1.51937 13.79 2.41 1.19 72.76 0.0 9.77 0.0 0.0
1.51754 13.39 3.66 1.19 72.79 0.57 8.27 0.0 0.11
1.51747 12.84 3.5 1.14 73.27 0.56 8.55 0.0 0.0

1.51727 14.7 0.0 2.34 73.28 0.0 8.95 0.66 0.0
1.51708 13.72 3.68 1.81 72.06 0.64 7.88 0.0 0.0
1.51829 13.24 3.9 1.41 72.33 0.55 8.31 0.0 0.1

1.52121 14.03 3.76 0.58 71.79 0.11 9.65 0.0 0.0
1.51829 14.46 2.24 1.62 72.38 0.0 9.26 0.0 0.0
1.5161 13.33 3.53 1.34 72.67 0.56 8.33 0.0 0.0

