0.0 0.0 1.0 1.0 0.0 0.0 1.0 -1.0 1.0 -1.0 1.0 1.0 1.0 1.0 1.0 -1.0 1.0 1.0 1.0 1.0 1.0 -1.0 -1.0 -1.0 1.0 -1.0 1.0 -1.0 1.0 1.0 0.0 0.0 1.0 -1.0
1.0 0.0 0.91767 0.18198 0.8609 0.35543 0.72873 0.45747 0.60425 0.69865 0.50376 0.74922 0.361 0.81795 0.15664 0.83558 0.00396 0.8521 -0.1639 0.77853 -0.35996 0.76193 -0.43087 0.65385 -0.5314 0.53886 -0.60328 0.40972 -0.64511 0.27338 -0.6571 0.13667 -0.64056 0.05394
1.0 0.0 0.97513 0.0071 0.98579 0.01954 1.0 0.01954 0.9929 0.01599 0.95737 0.02309 0.97158 0.03552 1.0 0.0373 0.97869 0.02131 0.98579 0.05684 0.97158 0.04796 0.94494 0.05506 0.98401 0.03552 0.9754 0.06477 0.94849 0.08171 0.99112 0.06217 0.98934 0.09947

1.0 0.0 1.0 -0.01179 1.0 -0.00343 1.0 -0.01565 1.0 -0.01565 1.0 -0.02809 1.0 -0.02187 0.99828 -0.03087 0.99528 -0.03238 0.99314 -0.03452 1.0 -0.03881 1.0 -0.05039 1.0 -0.04931 0.99842 -0.05527 0.994 -0.06304 0.99057 -0.06497 0.98971 -0.06668
1.0 0.0 1.0 -0.41457 1.0 0.76131 0.8706 0.18593 1.0 -0.09925 0.93844 0.4799 0.65452 -0.1608 1.0 0.00879 0.97613 -0.50126 0.80025 -0.24497 0.88065 -0.19095 1.0 -0.12312 0.93593 0.10678 0.9289 -0.07249 1.0 -0.27387 0.4397 0.19849 0.51382 -0.05402
1.0 0.0 1.0 -0.16316 1.0 -0.10169 0.99999 -0.15197 1.0 -0.19277 0.94055 -0.35151 0.95735 -0.29785 0.93719 -0.34412 0.94486 -0.28106 0.90137 -0.43383 0.86043 -0.47308 0.82987 -0.5122 0.8408 -0.47137 0.76224 -0.5837 0.65723 -0.68794 0.68714 -0.64537 0.64727 -0.67226

1.0 0.0 -0.205 0.2875 0.23 0.1 0.2825 0.3175 0.3225 0.35 0.36285 -0.34617 0.0925 0.275 -0.095 0.21 -0.0875 0.235 -0.34187 0.31408 -0.48 -0.08 0.29908 0.33176 -0.58 -0.24 0.3219 -0.28475 -0.47 0.185 -0.27104 -0.31228 0.40445 0.0305
1.0 0.0 0.97032 -0.14384 0.91324 -0.00228 0.96575 -0.17123 0.9863 0.18265 0.91781 0.00228 0.93607 -0.08447 0.91324 -0.00228 0.86758 -0.08676 0.97032 -0.21233 1.0 0.10274 0.92009 -0.05251 0.92466 0.06849 0.94043 -0.09252 0.97032 -0.20091 0.85388 -0.08676 0.96575 -0.21918
1.0 0.0 0.39179 -0.06343 0.97464 0.04328 1.0 1.0 0.35821 0.15299 0.54478 0.1306 0.61567 -0.8209 0.57836 0.6791 0.66791 -0.10448 0.46642 -0.11567 0.65574 0.14792 0.83209 0.45522 0.47015 0.16418 0.49309 0.1463 0.32463 -0.02612 0.39118 0.13521 0.34411 0.12755

1.0 0.0 0.95704 -0.12095 0.63318 -0.1269 0.96365 -0.18242 0.97026 0.0846 0.92003 -0.01124 0.83543 -0.24719 1.0 -0.31395 0.99273 -0.21216 0.98678 -0.21018 1.0 -0.27165 0.93126 -0.39458 1.0 -0.19233 0.88793 -0.31565 0.81428 -0.23728 0.89095 -0.31857 0.69531 -0.41573
1.0 0.0 1.0 -0.92453 1.0 0.75472 0.49057 -0.0566 0.62264 0.0 1.0 -5.4E-4 0.45283 0.07547 0.62264 -0.0566 0.98878 -8.5E-4 0.5283 0.0 0.5283 0.07547 0.9519 -0.00112 1.0 0.79245 0.92192 -0.00128 0.9434 -1.0 1.0 0.43396 0.43396 -0.11321
1.0 0.0 1.0 0.01709 0.96215 -0.03142 1.0 -0.03436 1.0 -0.05071 0.99026 -0.07092 0.99173 -0.09002 1.0 -0.15727 1.0 -0.14257 0.9831 -0.11813 1.0 -0.18519 1.0 -0.19272 0.98971 -0.22083 0.9649 -0.20243 0.94599 -0.17123 0.96436 -0.22561 0.87011 -0.23296

1.0 0.0 0.4987 0.01818 0.43117 -0.0961 0.50649 -0.04156 0.5013 0.0961 0.44675 0.05974 0.55844 -0.11948 0.51688 -0.03636 0.52727 -0.05974 0.55325 -0.01039 0.48571 -0.03377 0.49091 -0.01039 0.59221 0.0 0.53215 -0.0328 0.43117 0.03377 0.54545 -0.05455 0.58961 -0.08571
0.0 0.0 0.0 0.0 0.0 0.0 0.0 0.0 0.0 0.0 0.0 0.0 1.0 1.0 1.0 1.0 1.0 -1.0 0.0 0.0 1.0 1.0 1.0 -1.0 1.0 1.0 1.0 0.0 1.0 1.0 1.0 -1.0 0.0 0.0
1.0 0.0 0.0 0.0 0.0 0.0 0.0 0.0 -0.85 -1.0 0.0 0.0 1.0 -1.0 0.0 0.0 -1.0 -1.0 -1.0 -1.0 1.0 -1.0 -0.6 -1.0 1.0 1.0 -1.0 -0.2 1.0 -1.0 0.0 1.0 0.0 0.0

1.0 0.0 0.97588 -0.10602 0.94601 -0.208 0.92806 -0.2835 0.85996 -0.27342 0.79766 -0.47929 0.78225 -0.50764 0.74628 -0.61436 0.57945 -0.68086 0.37852 -0.73641 0.36324 -0.76562 0.31898 -0.79753 0.22792 -0.81634 0.13659 -0.8251 0.04606 -0.82395 -0.04262 -0.81318 -0.13832 -0.80975
1.0 0.0 0.9287 0.33164 0.76168 0.62349 0.49305 0.84266 0.21592 0.95193 -0.13956 0.96167 -0.47202 0.8359 -0.70747 0.6549 -0.87474 0.3675 -0.91814 0.05595 -0.89824 -0.26173 -0.73969 -0.54069 -0.50757 -0.74735 -0.22323 -0.86122 0.0781 -0.87159 0.36021 -0.78057 0.59407 -0.6027
1.0 0.0 0.98182 0.0 0.88627 0.03131 0.86249 0.04572 0.8 0.0 0.69091 0.04545 0.79343 0.08436 0.77118 0.09579 0.62727 0.25455 0.68182 0.12727 0.70674 0.12608 0.68604 0.13493 0.74545 0.22727 0.64581 0.15088 0.67273 0.02727 0.60715 0.16465 0.5884 0.17077

0.0 0.0 1.0 1.0 -1.0 -1.0 -1.0 -1.0 0.0 0.0 0.0 0.0 -1.0 -1.0 0.0 0.0 0.0 0.0 0.0 0.0 -1.0 1.0 1.0 1.0 0.0 0.0 1.0 -1.0 0.0 0.0 -1.0 -1.0 -1.0 -1.0
1.0 0.0 0.82254 -0.07572 0.80462 0.00231 0.87514 -0.01214 0.86821 -0.07514 0.72832 -0.11734 0.84624 0.05029 0.83121 -0.07399 0.74798 0.06705 0.78324 0.06358 0.86763 -0.0237 0.78844 -0.06012 0.74451 -0.0237 0.76717 -0.02731 0.74046 -0.0763 0.70058 -0.0422 0.78439 0.01214
1.0 0.0 1.0 -0.02401 0.9414 0.06531 0.92106 -0.23255 0.77152 -0.16399 0.52798 -0.20275 0.56409 -0.00712 0.34395 -0.27457 0.5294 -0.2178 0.45107 -0.17813 0.05982 -0.35575 0.02309 -0.52879 0.03286 -0.65158 0.1329 -0.53206 0.02431 -0.62197 -0.05707 -0.59573 -0.04608 -0.65697

