55.0 54.0 85.0 71.0 55.0 54.0 85.0 71.0 55.0 54.0 85.0 71.0 59.0 60.0 80.0 70.0 56.0 60.0 84.0 74.0 56.0 56.0 88.0 74.0 56.0 54.0 82.0 72.0 56.0 51.0 79.0 75.0 49.0 54.0 86.0 75.0
88.0 103.0 104.0 81.0 84.0 95.0 104.0 85.0 80.0 95.0 96.0 74.0 84.0 103.0 109.0 79.0 84.0 99.0 100.0 79.0 84.0 95.0 109.0 83.0 90.0 109.0 112.0 89.0 82.0 100.0 96.0 81.0 82.0 96.0 100.0 81.0
63.0 73.0 72.0 60.0 67.0 77.0 82.0 64.0 71.0 81.0 75.0 68.0 82.0 102.0 105.0 80.0 85.0 106.0 110.0 83.0 85.0 102.0 114.0 83.0 88.0 102.0 115.0 87.0 84.0 106.0 115.0 91.0 84.0 102.0 111.0 87.0

68.0 73.0 82.0 65.0 68.0 81.0 86.0 68.0 68.0 77.0 82.0 65.0 68.0 75.0 75.0 59.0 68.0 79.0 79.0 63.0 71.0 79.0 87.0 67.0 67.0 75.0 74.0 62.0 63.0 72.0 74.0 62.0 63.0 75.0 77.0 62.0
56.0 87.0 100.0 81.0 56.0 87.0 100.0 78.0 56.0 87.0 104.0 81.0 67.0 99.0 109.0 87.0 63.0 95.0 104.0 87.0 63.0 95.0 109.0 87.0 70.0 104.0 117.0 92.0 63.0 96.0 112.0 89.0 63.0 96.0 112.0 89.0
56.0 64.0 91.0 81.0 53.0 64.0 83.0 78.0 56.0 68.0 87.0 74.0 59.0 75.0 96.0 75.0 59.0 75.0 89.0 75.0 59.0 79.0 89.0 71.0 59.0 87.0 96.0 81.0 63.0 83.0 92.0 74.0 59.0 83.0 96.0 74.0

88.0 107.0 108.0 92.0 92.0 107.0 108.0 88.0 92.0 112.0 113.0 88.0 88.0 107.0 109.0 87.0 88.0 107.0 109.0 87.0 93.0 111.0 113.0 87.0 90.0 113.0 112.0 92.0 90.0 113.0 112.0 89.0 86.0 104.0 104.0 85.0
97.0 112.0 122.0 88.0 101.0 112.0 118.0 92.0 92.0 107.0 113.0 85.0 97.0 111.0 113.0 87.0 93.0 107.0 113.0 92.0 88.0 111.0 118.0 92.0 95.0 109.0 117.0 89.0 90.0 113.0 112.0 92.0 90.0 109.0 108.0 89.0
88.0 115.0 115.0 91.0 92.0 115.0 120.0 94.0 88.0 111.0 111.0 91.0 88.0 107.0 108.0 88.0 88.0 107.0 113.0 92.0 92.0 112.0 122.0 92.0 88.0 107.0 109.0 87.0 84.0 107.0 109.0 92.0 88.0 107.0 113.0 92.0

67.0 108.0 119.0 98.0 67.0 112.0 119.0 98.0 71.0 108.0 119.0 98.0 67.0 111.0 119.0 97.0 67.0 111.0 119.0 101.0 67.0 111.0 119.0 101.0 68.0 111.0 120.0 98.0 68.0 111.0 115.0 98.0 68.0 111.0 115.0 98.0
78.0 87.0 88.0 74.0 70.0 79.0 80.0 66.0 66.0 75.0 80.0 59.0 75.0 91.0 93.0 72.0 71.0 88.0 93.0 68.0 67.0 77.0 82.0 64.0 74.0 88.0 89.0 73.0 78.0 92.0 93.0 73.0 70.0 84.0 85.0 62.0
64.0 73.0 78.0 57.0 68.0 73.0 78.0 61.0 68.0 77.0 78.0 61.0 68.0 75.0 75.0 59.0 68.0 75.0 79.0 59.0 68.0 75.0 79.0 59.0 67.0 72.0 81.0 58.0 71.0 75.0 77.0 58.0 71.0 75.0 74.0 58.0

75.0 79.0 85.0 67.0 75.0 87.0 89.0 71.0 75.0 87.0 85.0 71.0 70.0 75.0 80.0 63.0 70.0 83.0 88.0 70.0 78.0 83.0 88.0 74.0 75.0 84.0 90.0 72.0 75.0 84.0 90.0 75.0 75.0 88.0 97.0 75.0
88.0 98.0 102.0 79.0 84.0 98.0 102.0 79.0 84.0 102.0 102.0 79.0 92.0 107.0 118.0 85.0 92.0 112.0 118.0 92.0 92.0 112.0 118.0 88.0 97.0 111.0 118.0 96.0 97.0 111.0 118.0 96.0 97.0 116.0 113.0 92.0
88.0 99.0 104.0 85.0 84.0 99.0 104.0 85.0 84.0 99.0 104.0 81.0 84.0 103.0 104.0 83.0 88.0 99.0 100.0 79.0 84.0 99.0 104.0 79.0 82.0 96.0 100.0 81.0 82.0 100.0 108.0 81.0 82.0 96.0 104.0 78.0

50.0 34.0 106.0 113.0 47.0 37.0 106.0 116.0 53.0 49.0 98.0 94.0 50.0 45.0 100.0 99.0 64.0 68.0 91.0 78.0 68.0 83.0 87.0 70.0 48.0 37.0 109.0 112.0 63.0 64.0 93.0 75.0 71.0 83.0 85.0 67.0
63.0 103.0 114.0 94.0 67.0 108.0 119.0 98.0 67.0 108.0 124.0 98.0 63.0 102.0 114.0 90.0 63.0 106.0 119.0 94.0 63.0 106.0 119.0 97.0 64.0 102.0 115.0 94.0 64.0 106.0 120.0 94.0 64.0 111.0 125.0 102.0
90.0 109.0 117.0 92.0 86.0 104.0 112.0 89.0 86.0 104.0 112.0 92.0 87.0 99.0 105.0 90.0 83.0 103.0 114.0 90.0 83.0 112.0 124.0 94.0 85.0 106.0 114.0 94.0 78.0 115.0 114.0 97.0 78.0 111.0 119.0 94.0

92.0 115.0 115.0 94.0 88.0 111.0 115.0 91.0 88.0 102.0 111.0 87.0 88.0 107.0 113.0 88.0 84.0 107.0 113.0 88.0 84.0 112.0 113.0 88.0 88.0 111.0 113.0 92.0 84.0 111.0 113.0 92.0 84.0 111.0 118.0 92.0
63.0 112.0 124.0 98.0 63.0 108.0 124.0 101.0 67.0 108.0 135.0 98.0 63.0 120.0 124.0 101.0 63.0 115.0 124.0 101.0 67.0 111.0 124.0 101.0 64.0 115.0 125.0 102.0 64.0 115.0 125.0 98.0 60.0 111.0 120.0 98.0
64.0 69.0 74.0 61.0 64.0 66.0 67.0 54.0 64.0 69.0 74.0 61.0 60.0 64.0 75.0 63.0 64.0 68.0 79.0 59.0 64.0 68.0 71.0 56.0 55.0 58.0 70.0 54.0 63.0 68.0 77.0 62.0 67.0 72.0 74.0 58.0

