197.0 144.0 9.0 0.0 0.0 0.9444444 0.7123252 0.38888887 0.49065337 0.7037037 0.33333334 1.6666666 0.11111111 -1.1111112 2.8888888 -1.7777778 1.6666666 0.8611111 -1.9869384
93.0 127.0 9.0 0.0 0.0 1.1111112 0.83444345 1.0 0.7888106 3.8148148 1.3333334 6.7777777 3.3333333 -7.4444447 8.888889 -1.4444444 6.7777777 0.8272487 -2.4745617
43.0 137.0 9.0 0.0 0.0 0.16666667 0.077777795 1.3888888 1.7518517 1.6666666 0.6666667 3.7777777 0.5555556 -3.0 6.3333335 -3.3333333 3.7777777 0.91798943 -2.0712416

144.0 118.0 9.0 0.0 0.0 0.5555556 0.38518524 0.66666657 0.4 6.4444447 7.5555553 8.111112 3.6666667 3.3333333 5.0 -8.333333 8.444445 0.5643298 -1.1345428
240.0 63.0 9.0 0.0 0.0 0.55555564 0.5443313 0.38888916 0.38968176 8.962963 6.3333335 14.0 6.5555553 -7.888889 15.111111 -7.2222223 14.0 0.54770046 -2.1218371
89.0 195.0 9.0 0.11111111 0.0 2.7222226 1.8668653 3.1666667 1.8226969 61.74074 55.11111 76.55556 53.555557 -19.88889 44.444443 -24.555555 76.55556 0.30023456 -2.020938

205.0 156.0 9.0 0.0 0.0 2.1666667 1.2777781 2.0 2.3555562 18.25926 13.444445 17.333334 24.0 -14.444445 -2.7777777 17.222221 24.0 0.44057688 2.47582
221.0 35.0 9.0 0.0 0.0 0.6666667 0.13333334 0.94444656 0.107407376 98.74074 83.333336 122.55556 90.333336 -46.22222 71.44444 -25.222221 122.55556 0.32001477 -2.280843
211.0 107.0 9.0 0.11111111 0.0 2.5555556 2.251853 2.0555558 2.818519 16.74074 11.777778 25.777779 12.666667 -14.888889 27.11111 -12.222222 25.777779 0.5471734 -2.1594636

242.0 148.0 9.0 0.0 0.0 0.0 0.0 0.0 0.0 0.0 0.0 0.0 0.0 0.0 0.0 0.0 0.0 0.0 0.0
160.0 41.0 9.0 0.0 0.0 0.8333333 0.8096638 0.22222225 0.17213258 0.7037037 0.5555556 1.2222222 0.33333334 -0.44444445 1.5555556 -1.1111112 1.2222222 0.537037 -1.8451205
53.0 134.0 9.0 0.0 0.0 2.1666667 0.3 0.27777767 0.018518496 6.962963 4.666667 11.222222 5.0 -6.888889 12.777778 -5.888889 11.222222 0.5872341 -2.1384587

32.0 45.0 9.0 0.0 0.0 2.2777777 3.1740727 3.2777777 1.44074 21.925926 20.555555 28.777779 16.444445 -4.111111 20.555555 -16.444445 28.777779 0.42816728 -1.7353698
120.0 89.0 9.0 0.11111111 0.0 4.0 9.555554 5.8333335 11.85555 10.481482 5.7777777 17.11111 8.555555 -14.111111 19.88889 -5.7777777 17.11111 0.6866853 -2.356793
222.0 93.0 9.0 0.0 0.0 1.7222223 0.0629626 0.16666669 0.033333343 2.4444444 1.0 5.4444447 0.8888889 -4.3333335 9.0 -4.6666665 5.4444447 0.8783951 -2.0750706

180.0 186.0 9.0 0.11111111 0.0 1.5000013 1.7981453 1.9444441 1.7815933 49.62963 45.0 61.333332 42.555557 -13.888889 35.11111 -21.222221 61.333332 0.30616122 -1.9580852
76.0 89.0 9.0 0.0 0.0 1.0555558 0.952579 3.2777784 2.4532664 16.814816 12.888889 24.444445 13.111111 -11.777778 22.88889 -11.111111 24.444445 0.47304532 -2.11184
108.0 113.0 9.0 0.0 0.0 0.44444442 0.2074074 0.44444442 0.11851859 5.5185184 6.888889 6.6666665 3.0 4.111111 3.4444444 -7.5555553 6.888889 0.56613755 -0.9893081

189.0 184.0 9.0 0.0 0.11111111 1.666666 0.84327394 2.7777774 2.0073938 50.592594 45.88889 62.333332 43.555557 -14.111111 35.22222 -21.11111 62.333332 0.30094525 -1.9644797
112.0 90.0 9.0 0.0 0.0 7.38889 6.9455557 1.2777773 0.87981415 65.18519 57.666668 79.77778 58.11111 -22.555555 43.77778 -21.222221 79.77778 0.27834544 -2.108813
42.0 201.0 9.0 0.0 0.0 2.1111107 2.0184336 4.333332 4.7234635 59.333332 52.555557 74.0 51.444443 -20.333334 44.0 -23.666666 74.0 0.3066086 -2.042514

