13.17 2.59 2.37 20.0 120.0 1.65 0.68 0.53 1.46 9.3 0.6 1.62 840.0
13.58 1.66 2.36 19.1 106.0 2.86 3.19 0.22 1.95 6.9 1.09 2.88 1515.0
13.5 3.12 2.62 24.0 123.0 1.4 1.57 0.22 1.25 8.6 0.59 1.3 500.0

12.52 2.43 2.17 21.0 88.0 2.55 2.27 0.26 1.22 2.0 0.9 2.78 325.0
12.08 1.13 2.51 24.0 78.0 2.0 1.58 0.4 1.4 2.2 1.31 2.72 630.0
13.75 1.73 2.41 16.0 89.0 2.6 2.76 0.29 1.81 5.6 1.15 2.9 1320.0

13.48 1.67 2.64 22.5 89.0 2.6 1.1 0.52 2.29 11.75 0.57 1.78 620.0
13.49 3.59 2.19 19.5 88.0 1.62 0.48 0.58 0.88 5.7 0.81 1.82 580.0
12.37 1.07 2.1 18.5 88.0 3.52 3.75 0.24 1.95 4.5 1.04 2.77 660.0

13.24 3.98 2.29 17.5 103.0 2.64 2.63 0.32 1.66 4.36 0.82 3.0 680.0
12.42 2.55 2.27 22.0 90.0 1.68 1.84 0.66 1.42 2.7 0.86 3.3 315.0
13.48 1.67 2.64 22.5 89.0 2.6 1.1 0.52 2.29 11.75 0.57 1.78 620.0

12.43 1.53 2.29 21.5 86.0 2.74 3.15 0.39 1.77 3.94 0.69 2.84 352.0
13.58 2.58 2.69 24.5 105.0 1.55 0.84 0.39 1.54 8.66 0.74 1.8 750.0
12.6 1.34 1.9 18.5 88.0 1.45 1.36 0.29 1.35 2.45 1.04 2.77 562.0

12.77 2.39 2.28 19.5 86.0 1.39 0.51 0.48 0.64 9.899999 0.57 1.63 470.0
11.66 1.88 1.92 16.0 97.0 1.61 1.57 0.34 1.15 3.8 1.23 2.14 428.0
13.74 1.67 2.25 16.4 118.0 2.6 2.9 0.21 1.62 5.85 0.92 3.2 1060.0

12.21 1.19 1.75 16.8 151.0 1.85 1.28 0.14 2.5 2.85 1.28 3.07 718.0
13.05 5.8 2.13 21.5 86.0 2.62 2.65 0.3 2.01 2.6 0.73 3.1 380.0
13.24 2.59 2.87 21.0 118.0 2.8 2.69 0.39 1.82 4.32 1.04 2.93 735.0

