0.81 0.79 0.32 0.37 0.5 0.0 0.41 0.22
0.44 0.42 0.6 0.21 0.5 0.0 0.57 0.22
0.61 0.48 0.56 0.19 0.5 0.0 0.53 0.31

0.55 0.63 0.54 0.16 0.5 0.0 0.45 0.27
0.4 0.4 0.44 0.37 0.5 0.0 0.53 0.25
0.35 0.68 0.57 0.4 0.5 0.0 0.53 0.36

0.39 0.81 0.35 0.28 0.5 0.0 0.51 0.45
0.44 0.5 0.55 0.24 0.5 0.0 0.48 0.22
0.53 0.51 0.55 0.57 0.5 0.0 0.46 0.22

0.43 0.33 0.54 0.37 0.5 0.0 0.38 0.16
0.32 0.44 0.54 0.21 0.5 0.0 0.4 0.19
0.5 0.56 0.63 0.25 0.5 0.0 0.42 0.22

0.8 0.79 0.43 0.25 0.5 0.0 0.52 0.22
0.78 0.82 0.56 0.21 0.5 0.0 0.69 0.22
0.49 0.45 0.46 0.18 0.5 0.0 0.49 0.31

0.61 0.38 0.57 0.36 0.5 0.0 0.44 0.21
0.46 0.41 0.5 0.44 0.5 0.0 0.53 0.22
0.53 0.46 0.54 0.37 0.5 0.0 0.51 0.3

0.51 0.48 0.58 0.22 0.5 0.0 0.5 0.28
0.23 0.29 0.46 0.0 0.5 0.0 0.43 0.31
0.61 0.48 0.56 0.19 0.5 0.0 0.53 0.31

